<?xml version="1.0" encoding="UTF-8" standalone="no" ?>
<SimscapeMultibodyImportXML version="2.0" xmlns="urn:mathworks:SimscapeMultibody:import" xmlns:xsi="http://www.w3.org/2001/XMLSchema-instance">
<Created by="Sulieman DAHER" on="06/02/22||14:49:36" using="Simscape Multibody Link Version 6.1" from="Autodesk Inventor 2018 (Build 220112000, 112)"/>
<ModelUnits mass="kilogram" length="millimeter"/>
<DataUnits mass="kilogram" length="centimeter"/>
<RootAssembly name="last final asm (LevelofDetail1)" uid="last final asm (LevelofDetail1)_{902D5F43-4D49-8BC0-3864-149D5A8DE437}" version="{1031BE3C-EA5D-1CB4-07EB-3D6907C900B5}">
<AssemblyFile name="last final asm.iam" type="Inventor Assembly"/>
<InstanceTree>
<Instance name="linear:1" uid="linear:1" entityUid="linear (LevelofDetail1)_{B45141FD-4622-C543-68DD-6CBEA6E6107F}" rigid="true">
<Transform>
<Rotation>-1 3.8306417225051019e-15 -3.3430804840377533e-14 3.8306417225049402e-15 1 4.7522133841788898e-15 3.3430804840377533e-14 4.7522133841792574e-15 -1</Rotation>
<Translation>70.489957519188664 24.696885695843896 54.377400763367135</Translation>
</Transform>
<Instance name="guide:1" uid="guide:1" entityUid="guide_{7CB3566B-47D2-F993-6060-B98FD6CF0EBB}">
<Transform>
<Rotation>1.2532249849926356e-13 -4.6362327039905025e-16 -1.000000000000097 2.4139503965925702e-15 -1.0000000000001106 3.5286588466007292e-15 -1.0000000000000087 -6.4801422246203765e-15 -2.827045628293017e-13</Rotation>
<Translation>10.450070097623531 4.8607611390151071 -0.55000000000000426</Translation>
</Transform>
</Instance>
<Instance name="guide:2" uid="guide:2" entityUid="guide_{7CB3566B-47D2-F993-6060-B98FD6CF0EBB}">
<Transform>
<Rotation>1.25322498499262e-13 -1.0232022126248261e-15 -1.0000000000000488 2.4139503965925382e-15 -1.0000000000001061 3.3954320836462382e-15 -0.999999999999996 -5.7862528338922247e-15 -2.5216626794321182e-13</Rotation>
<Translation>10.450070097623573 0.46076113901474969 -0.54999999999886739</Translation>
</Transform>
</Instance>
<Instance name="guide:3" uid="guide:3" entityUid="guide_{7CB3566B-47D2-F993-6060-B98FD6CF0EBB}">
<Transform>
<Rotation>1.2539651336757547e-13 -3.2844097821283669e-16 -0.99999999999999045 2.3766762586867123e-15 -1.0000000000000904 3.3954320836453314e-15 -1.0000000000000362 0 -1.0723431710431393e-14</Rotation>
<Translation>1.450070097623879 0.46076113901475324 -0.55000000000006821</Translation>
</Transform>
</Instance>
<Instance name="guide:4" uid="guide:4" entityUid="guide_{7CB3566B-47D2-F993-6060-B98FD6CF0EBB}">
<Transform>
<Rotation>-1.2107445509718862e-13 0 -1.0000000000000131 -2.5697037090803318e-15 -1.0000000000000664 2.1506740986034665e-15 -0.99999999999996203 0 0</Rotation>
<Translation>1.4500700976236942 4.8607611390151249 -0.54999999999996874</Translation>
</Transform>
</Instance>
<Instance name="servotable:1" grounded="true" uid="servotable:1" entityUid="servotable_{58075FFB-44D0-CD93-CB6C-2C94776E1F5A}">
<Transform>
<Rotation>1.4802973661668418e-16 1.2539651336757398e-13 -0.99999999999997558 1.0000000000000877 2.4139503965926092e-15 3.3954320836452644e-15 0 -1.0000000000000249 0</Rotation>
<Translation>5.9500700976236516 1.8607611390148584 0.30000000000000426</Translation>
</Transform>
</Instance>
<Instance name="AX-12:1" uid="AX-12:1" entityUid="AX-12_{82BF4F0C-45B9-6B3C-B8F3-E78326741E66}" rigid="true">
<Transform>
<Rotation>-0.99999999999997891 3.3954320836454778e-15 1.2539651336756823e-13 3.395432083645275e-15 0.99999999999997913 0 -1.2539651336756846e-13 0 -0.99999999999997891</Rotation>
<Translation>7.5000700976234143 3.0907611390150826 1.9000000000001691</Translation>
</Transform>
<Instance name="ASSY_DUMMY___0" grounded="true" uid="ASSY_DUMMY___0" entityUid="ASSY_DUMMY___{BEC18C40-4EC9-E799-70E4-C8AD7ACEDFB6}">
<Transform>
<Rotation>1 0 0 0 1 0 0 0 1</Rotation>
<Translation>0 0 0</Translation>
</Transform>
</Instance>
<Instance name="ASSY_GEAR-WHEEL___1" uid="ASSY_GEAR-WHEEL___1" entityUid="ASSY_GEAR-WHEEL___{89AC34B3-45A1-14F8-0366-3596A3BF0260}">
<Transform>
<Rotation>1 0 0 0 1 0 0 0 1</Rotation>
<Translation>0 0 -0.18000000000000682</Translation>
</Transform>
</Instance>
<Instance name="DX124_SCREW-COVER___2" uid="DX124_SCREW-COVER___2" entityUid="DX124_SCREW-COVER___{65CC8DEA-4797-424E-7A0A-94BACA995AB7}">
<Transform>
<Rotation>-1 0 0 0 0 1 0 1 0</Rotation>
<Translation>0.90000000000000568 0.85000000000000142 1.4600000000000009</Translation>
</Transform>
</Instance>
<Instance name="DX124_SCREW-COVER___3" uid="DX124_SCREW-COVER___3" entityUid="DX124_SCREW-COVER___{65CC8DEA-4797-424E-7A0A-94BACA995AB7}">
<Transform>
<Rotation>-1 0 0 0 0 1 0 1 0</Rotation>
<Translation>-0.89999999999999858 0.85000000000000142 1.4599999999999937</Translation>
</Transform>
</Instance>
<Instance name="DX124_SCREW-COVER___4" uid="DX124_SCREW-COVER___4" entityUid="DX124_SCREW-COVER___{65CC8DEA-4797-424E-7A0A-94BACA995AB7}">
<Transform>
<Rotation>-1 0 0 0 0 1 0 1 0</Rotation>
<Translation>0.91499999999999915 -3.1649999999999991 1.4599999999999937</Translation>
</Transform>
</Instance>
<Instance name="DX124_SCREW-COVER___5" uid="DX124_SCREW-COVER___5" entityUid="DX124_SCREW-COVER___{65CC8DEA-4797-424E-7A0A-94BACA995AB7}">
<Transform>
<Rotation>-1 0 0 0 0 1 0 1 0</Rotation>
<Translation>-0.90000000000000568 -3.1649999999999991 1.4600000000000009</Translation>
</Transform>
</Instance>
<Instance name="099990987____6" uid="099990987____6" entityUid="099990987____{CE9B4E6B-4163-B80B-CD88-BB8D0686F492}">
<Transform>
<Rotation>1 0 0 0 0 1 0 -1 0</Rotation>
<Translation>0.53500000000000369 -1.5670000000000002 -0.85500000000000398</Translation>
</Transform>
</Instance>
<Instance name="099990987____7" uid="099990987____7" entityUid="099990987____{CE9B4E6B-4163-B80B-CD88-BB8D0686F492}">
<Transform>
<Rotation>1 0 0 0 0 1 0 -1 0</Rotation>
<Translation>-0.53000000000000114 -1.5670000000000002 -0.85500000000000398</Translation>
</Transform>
</Instance>
<Instance name="DX124_HORN1___8" uid="DX124_HORN1___8" entityUid="DX124_HORN1___{CC190104-4F77-8FFA-B71D-1AB6AD4557E4}">
<Transform>
<Rotation>0 -1 0 1 0 0 0 0 1</Rotation>
<Translation>0 -7.1054273576010019e-15 1.8999999999999986</Translation>
</Transform>
</Instance>
<Instance name="PHS_M3X10___9" uid="PHS_M3X10___9" entityUid="PHS_M3X10___{AC6934D9-47A8-011B-CEB8-AA86796AC158}">
<Transform>
<Rotation>-1 0 0 0 0 1 0 1 0</Rotation>
<Translation>0 -7.1054273576010019e-15 1.990000000000002</Translation>
</Transform>
</Instance>
</Instance>
<Instance name="U groove bearing LFR 50 4 NPP:1" uid="U groove bearing LFR 50 4 NPP:1" entityUid="U groove bearing LFR 50 4 NPP_{00FEA8A1-4410-95DD-F59D-18A04487AF59}">
<Transform>
<Rotation>1.215901453268997e-13 -1.0414841276558847e-16 0.99999999999999911 8.150227563118377e-16 0.99999999999999845 -2.8442964585331423e-16 -0.99999999999999933 0 1.216578238733802e-13</Rotation>
<Translation>3.7023209899925718 -4.5824398653688192 -0.35000000000028564</Translation>
</Transform>
</Instance>
<Instance name="U groove bearing LFR 50 4 NPP:2" uid="U groove bearing LFR 50 4 NPP:2" entityUid="U groove bearing LFR 50 4 NPP_{00FEA8A1-4410-95DD-F59D-18A04487AF59}">
<Transform>
<Rotation>-9.1399834263491115e-16 -0.84653840678034276 -0.53232764895860807 3.435797813436439e-15 -0.53232764895860807 0.84653840678034276 -1 -1.0552354715496748e-15 3.3950813958927504e-15</Rotation>
<Translation>12.180994146293664 6.079897041379386 -0.34999999999999432</Translation>
</Transform>
</Instance>
<Instance name="CNS 9671 M4 x 12:1" uid="CNS 9671 M4 x 12:1" entityUid="CNS 9671 M4 x 12_{2A3603BE-BD59-5967-4684-D88719B3FD18}">
<Transform>
<Rotation>0 0.39486129508931028 -0.91874074560802454 0 0.91874074560802466 0.39486129508931034 0.99999999999999978 0 0</Rotation>
<Translation>4.3500700976238562 4.2607611390150772 -1.0000000000002203</Translation>
</Transform>
</Instance>
<Instance name="CNS 9671 M4 x 12:2" uid="CNS 9671 M4 x 12:2" entityUid="CNS 9671 M4 x 12_{2A3603BE-BD59-5967-4684-D88719B3FD18}">
<Transform>
<Rotation>-1.2190029016368723e-13 0.99999999999999989 -1.2490009027032979e-16 0 1.2490009027033016e-16 0.99999999999999989 1 1.219002901636873e-13 0</Rotation>
<Translation>4.350070097623842 1.9207611390148713 -1.000000000000199</Translation>
</Transform>
</Instance>
<Instance name="batterycase:1" uid="batterycase:1" entityUid="batterycase_{4740FE4C-4AE9-B980-EF7C-A6A199C78109}">
<Transform>
<Rotation>-0.99999999999999956 -1.253965133675709e-13 3.5320749174455667e-15 3.532074917445566e-15 0 0.99999999999999956 -1.2539651336757085e-13 1 0</Rotation>
<Translation>2.1500700976236118 1.8634243622641513 0.59999999999952536</Translation>
</Transform>
</Instance>
<Instance name="batteryshell:1" uid="batteryshell:1" entityUid="batteryshell_{225C867C-4336-8078-3745-B29D516FB317}">
<Transform>
<Rotation>-0.99999999999999756 2.5079285107928199e-13 -3.2783096546753418e-15 3.278309654674095e-15 0 -0.99999999999999756 -2.5079285107928199e-13 -1 0</Rotation>
<Translation>1.7984009331880202 0.4992268489522047 2.9999999999994458</Translation>
</Transform>
</Instance>
<Instance name="BS EN ISO 7045 H - Metric M2 x 6 - 4.8 - H:1" uid="BS EN ISO 7045 H - Metric M2 x 6 - 4.8 - H:1" entityUid="BS EN ISO 7045 H - Metric M2 x 6 - 4.8 - H_{4659194D-324D-D9D5-B142-D84D48586F29}">
<Transform>
<Rotation>0 0 0.99999999999999978 0 -0.99999999999999978 0 1 0 0</Rotation>
<Translation>4.150070097623356 -1.3865756377358522 2.3999999999995296</Translation>
</Transform>
</Instance>
<Instance name="Screw GB/T 2672-2004 M2 x 3:1" uid="Screw GB/T 2672-2004 M2 x 3:1" entityUid="Screw GB/T 2672-2004 M2 x 3_{FA30D4B0-EE41-28BA-D6C9-491EDCA3ED8D}">
<Transform>
<Rotation>-4.9242061978102542e-15 0.96073091615094619 0.27748172327517989 0 -0.27748172327517989 0.96073091615094619 1 4.7308371317382502e-15 1.3663772215306462e-15</Rotation>
<Translation>8.3000700976236033 -0.50923886098484417 3.2500000000002416</Translation>
</Transform>
</Instance>
<Instance name="Synchronous Pulley1:5" uid="Synchronous Pulley1:5" entityUid="Synchronous Pulley1_{E73DE06B-45E5-7BF8-CCB2-D9A477B03DC3}">
<Transform>
<Rotation>-3.398323289438571e-15 1.0000000000000011 -1.2717000699499353e-13 -1.0000000000000011 -3.3983232894383415e-15 0 0 1.2717000699499325e-13 1</Rotation>
<Translation>7.500070097623734 3.0907611390150578 -0.6755999999997897</Translation>
</Transform>
</Instance>
</Instance>
<Instance name="transfinaxe:1" visible="false" uid="transfinaxe:1" entityUid="transfinaxe_{F7D571CA-4105-D5B2-9381-6EBDB0A75F52}" rigid="true">
<Transform>
<Rotation>-0.20869169456924014 0.036017576465032487 0.97731801927694273 0.17007314246116245 0.98543144166064911 -1.2678168528284693e-13 -0.96307990469701354 0.16621554672232222 -0.21177697985521324</Rotation>
<Translation>68.088619969243737 24.181751981054099 59.708462628450462</Translation>
</Transform>
<Instance name="transaxe:1" visible="false" grounded="true" uid="transaxe:1" entityUid="transaxe_{F5021E6B-446A-CD61-203C-B2829B00D28B}">
<Transform>
<Rotation>-0.34403233985783599 0.92342670274652749 -0.1700731424611617 0.059375679194047098 -0.15937189999137233 -0.98543144166065222 -0.93707858680698797 -0.34911849299029352 1.2620136689854968e-13</Rotation>
<Translation>1.6822315868365934 -7.2051765940723342 -3.0063415697756426</Translation>
</Transform>
</Instance>
<Instance name="Spur Gear1:1" visible="false" uid="Spur Gear1:1" entityUid="Spur Gear1_{8749B359-41B5-1D58-721D-66B784D4656B}">
<Transform>
<Rotation>-0.96228155107912405 -0.21234251262055689 -0.17007314246115279 0.16607776087259632 0.036647662001219085 -0.98543144166059604 0.21548177137792032 -0.97650786284786717 1.2681441358669264e-13</Rotation>
<Translation>5.2690741613425018 13.577572510550795 -3.0063415697783213</Translation>
</Transform>
</Instance>
<Instance name="Spur Gear1:2" visible="false" uid="Spur Gear1:2" entityUid="Spur Gear1_{8749B359-41B5-1D58-721D-66B784D4656B}">
<Transform>
<Rotation>0.45210827627721206 -0.87559878525207491 0.17007314246115318 -0.078028234160764792 0.15111739959502984 0.98543144166059649 -0.8885435842969589 -0.45879221746298354 -1.2627477862911593e-13</Rotation>
<Translation>1.3250779876681662 -9.274582621559663 -3.0063415697753868</Translation>
</Transform>
</Instance>
<Instance name="Spur Gear1:3" visible="false" uid="Spur Gear1:3" entityUid="Spur Gear1_{912A757D-4C4C-F4C7-D4C6-8EBEF8C9A1D2}">
<Transform>
<Rotation>0.8890260450819637 0.42509742104521331 0.17007314246116129 -0.1534347767126778 -0.073366498360934479 0.98543144166064689 0.43138203539442643 -0.90216935191734071 -1.2623830130669251e-13</Rotation>
<Translation>3.9084890216532102 5.6941209772656123 -3.0063415697773053</Translation>
</Transform>
</Instance>
</Instance>
<Instance name="transfinrotor:1" uid="transfinrotor:1" entityUid="transfinrotor_{1238FD95-4BA3-6633-D597-D4A84A808EA8}" rigid="true">
<Transform>
<Rotation>-2.3897846463071834e-15 -2.2204460492507553e-16 -1 0 -1 2.2204460492507534e-16 -1 0 2.3897846463071834e-15</Rotation>
<Translation>64.539887421564913 26.857646834858759 56.127400763367206</Translation>
</Transform>
<Instance name="transmount:1" grounded="true" uid="transmount:1" entityUid="transmount_{3F5EC005-454C-34E6-27A7-849762B6D300}">
<Transform>
<Rotation>0 -1.0000000000000051 -1.8873791418627661e-15 0 0 -1.0000000000000249 1.0000000000000244 2.7262158658905785e-15 0</Rotation>
<Translation>0 0 0</Translation>
</Transform>
</Instance>
<Instance name="axe holder5:1" uid="axe holder5:1" entityUid="axe holder5_{6DCB98A5-4B9C-DD7F-D753-888EE5C2A04D}">
<Transform>
<Rotation>-1.0000000000000104 -1.8873791418627657e-15 0 4.5519144009631418e-15 -1.0000000000000333 -2.1316503393460361e-16 4.1554049729721206e-15 -1.6763085277612463e-16 1.0000000000000218</Rotation>
<Translation>0.55000000000002558 10.000000000000245 -4.5000000000001137</Translation>
</Transform>
</Instance>
<Instance name="axe holder5:2" uid="axe holder5:2" entityUid="axe holder5_{6DCB98A5-4B9C-DD7F-D753-888EE5C2A04D}">
<Transform>
<Rotation>-1.0000000000000018 -1.6986412276779644e-15 -5.8861858009484312e-14 -1.8873791418628373e-16 -1.0000000000000271 0 -6.0209038592798362e-14 1.1771706127136692e-16 1.0000000000000191</Rotation>
<Translation>0.55000000000024585 -9.4000000000002295 -4.5000000000000711</Translation>
</Transform>
</Instance>
<Instance name="axe holder5:3" uid="axe holder5:3" entityUid="axe holder5_{6DCB98A5-4B9C-DD7F-D753-888EE5C2A04D}">
<Transform>
<Rotation>-1.0000000000000024 1.9095836023568568e-15 6.1290212475354754e-14 0 1.0000000000000266 -1.6186640826104736e-16 -6.2142300765863594e-14 -2.112095265029427e-16 -1.0000000000000187</Rotation>
<Translation>0.54999999999974136 9.4000000000002295 4.5000000000001705</Translation>
</Transform>
</Instance>
<Instance name="axe holder5:4" uid="axe holder5:4" entityUid="axe holder5_{6DCB98A5-4B9C-DD7F-D753-888EE5C2A04D}">
<Transform>
<Rotation>-1.0000000000000058 1.8873791418627689e-15 -1.9076705535139182e-15 4.2743586448068535e-15 1.0000000000000255 -1.5477011760801261e-16 2.940432656043143e-15 -2.1120952650307651e-16 -1.0000000000000238</Rotation>
<Translation>0.54999999999999005 -10.000000000000252 4.5000000000001279</Translation>
</Transform>
</Instance>
<Instance name="guid:1" uid="guid:1" entityUid="guid_{0FB6D608-4AFC-E61D-239C-D3B80AAAA3CB}">
<Transform>
<Rotation>-0.84842437704075124 1.3877787807811571e-15 -0.52931661266490437 1.9501822115887383e-16 1.0000000000000262 0 0.52931661266491825 1.3710690189676854e-15 -0.84842437704073947</Rotation>
<Translation>1.1999999999997044 -10.000000000000295 4.5000000000002061</Translation>
</Transform>
</Instance>
<Instance name="guid:2" uid="guid:2" entityUid="guid_{0FB6D608-4AFC-E61D-239C-D3B80AAAA3CB}">
<Transform>
<Rotation>0.69475863102807323 -1.7208456881687388e-15 0.71924296632779727 1.174009077582937e-16 -1.0000000000000258 0 0.71924296632781015 1.5057643480375273e-16 -0.69475863102808844</Rotation>
<Translation>1.2000000000000313 10.00000000000027 -4.5000000000001137</Translation>
</Transform>
</Instance>
<Instance name="axe1:1" uid="axe1:1" entityUid="axe1_{908AAADD-4E84-0084-2757-7E9DA848A482}">
<Transform>
<Rotation>0.70710678118650838 0.70710678118659176 -2.9420910152566656e-15 -1.8106635691640029e-15 -1.7975612608677692e-15 -0.99999999999999334 -0.7071067811865771 0.7071067811865136 8.8990905898847686e-16</Rotation>
<Translation>-3.3999999999999986 13.300000000000235 1.7053025658242404e-13</Translation>
</Transform>
</Instance>
<Instance name="axe1:2" uid="axe1:2" entityUid="axe1_{908AAADD-4E84-0084-2757-7E9DA848A482}">
<Transform>
<Rotation>0.70710678118653725 -0.70710678118653936 -9.9920072216264089e-16 3.7669366877694231e-16 0 0.99999999999998201 -0.70710678118654324 -0.70710678118652037 1.2696498947727385e-16</Rotation>
<Translation>-3.4000000000000483 -13.300000000000193 1.2789769243681803e-13</Translation>
</Transform>
</Instance>
<Instance name="mountmountrotory3:1" uid="mountmountrotory3:1" entityUid="mountmountrotory3_{C04CB26A-4701-F4B7-E898-59B4E2AD99B8}">
<Transform>
<Rotation>-1.0000000000000067 1.8318679906315083e-15 -1.9208702016800962e-15 -2.2204460492503131e-16 1.000000000000014 0 2.5243571341405522e-15 0 -1.0000000000000071</Rotation>
<Translation>-0.10000000000002274 -10.200000000000255 1.1368683772161603e-13</Translation>
</Transform>
</Instance>
<Instance name="mountmountrotory3:2" uid="mountmountrotory3:2" entityUid="mountmountrotory3_{C04CB26A-4701-F4B7-E898-59B4E2AD99B8}">
<Transform>
<Rotation>-1.0000000000000198 -2.0539125955565309e-15 0 2.2759572004815705e-15 -1.0000000000000311 -2.131650339346059e-16 1.1908263206585245e-14 0 1.0000000000000355</Rotation>
<Translation>-0.099999999999937472 10.200000000000252 8.5265128291212022e-14</Translation>
</Transform>
</Instance>
<Instance name="bearinghousing2:1" uid="bearinghousing2:1" entityUid="bearinghousing2_{EB3B9045-4C3D-7E74-A2D4-5995E90D29B6}">
<Transform>
<Rotation>-1.041410888664816e-15 2.1094237467878337e-15 1.0000000000000193 2.1791064664705399e-16 1.0000000000000238 -2.2759572004815685e-15 -1.0000000000000362 0 -1.204704108466339e-14</Rotation>
<Translation>-1.3999999999999631 9.500000000000238 1.1368683772161603e-13</Translation>
</Transform>
</Instance>
<Instance name="bearinghousing2:2" uid="bearinghousing2:2" entityUid="bearinghousing2_{EB3B9045-4C3D-7E74-A2D4-5995E90D29B6}">
<Transform>
<Rotation>-2.0861630626676832e-15 -1.665334536937736e-15 -1.0000000000000127 0 -1.000000000000014 -2.2204460492503205e-16 -1.0000000000000124 0 2.4618142632562392e-15</Rotation>
<Translation>-1.400000000000027 -9.500000000000238 1.2789769243681803e-13</Translation>
</Transform>
</Instance>
<Instance name="Bearing:1" uid="Bearing:1" entityUid="Bearing_{AA97CF27-4148-8435-32E7-D1A18F54366F}" rigid="true">
<Transform>
<Rotation>0.67823878085285627 0.7348415857498013 -2.3314683517128248e-15 -1.4061576421912883e-15 -1.8447983122931349e-15 -1.0000000000000238 -0.73484158574979574 0.67823878085285738 -7.1601220678087171e-16</Rotation>
<Translation>-1.3999999999999631 10.000000000000252 1.1368683772161603e-13</Translation>
</Transform>
<Instance name="BS 292: Part 1 (I) (Metric) 625 - 5 x 16 x 5:1" uid="BS 292: Part 1 (I) (Metric) 625 - 5 x 16 x 5:1" entityUid="BS 292: Part 1 (I) (Metric) 625 - 5 x 16 x 5_{794CFCAA-AD96-59C5-B228-C95D9D9F9FB0}">
<Transform>
<Rotation>0 -1 0 0 0 1 -1 0 0</Rotation>
<Translation>0 0 0.49999999999999645</Translation>
</Transform>
</Instance>
</Instance>
<Instance name="Bearing:2" uid="Bearing:2" entityUid="Bearing_{AA97CF27-4148-8435-32E7-D1A18F54366F}" rigid="true">
<Transform>
<Rotation>0.81478046098753776 -0.57976960975284797 4.9960036108132044e-16 -1.2363814306708335e-16 1.4880375511933985e-16 1.0000000000000204 -0.57976960975284431 -0.81478046098753587 -2.9229058858064769e-16</Rotation>
<Translation>-1.400000000000027 -10.000000000000252 1.2789769243681803e-13</Translation>
</Transform>
<Instance name="BS 292: Part 1 (I) (Metric) 625 - 5 x 16 x 5:1" uid="BS 292: Part 1 (I) (Metric) 625 - 5 x 16 x 5:1" entityUid="BS 292: Part 1 (I) (Metric) 625 - 5 x 16 x 5_{794CFCAA-AD96-59C5-B228-C95D9D9F9FB0}">
<Transform>
<Rotation>0 -1 0 0 0 1 -1 0 0</Rotation>
<Translation>-5.3290705182007514e-15 0 0.5</Translation>
</Transform>
</Instance>
</Instance>
<Instance name="14-0001:1" uid="14-0001:1" entityUid="14-0001_{820A4514-4D2A-46DE-6A6B-3CBE9B4DE0A9}">
<Transform>
<Rotation>0.96681051739667989 -1.6098233857064768e-15 0.25549446853368685 -1.6087381438710039e-15 -1.0000000000000733 -4.3431805975724805e-16 0.25549446853368685 0 -0.96681051739668</Rotation>
<Translation>-1.8000000000000185 -2.4899999999999984 3.6783148315500256</Translation>
</Transform>
</Instance>
<Instance name="beltmask:1" uid="beltmask:1" entityUid="beltmask_{91B62B0F-40F4-0E28-A0C8-2D85A206D14B}">
<Transform>
<Rotation>-1.0000000000000013 0 -2.3314683517128287e-15 2.6090241078691183e-15 2.131650339345992e-16 -0.99999999999999956 -1.4123702279490031e-16 -1.0000000000000027 -1.4830467417793437e-16</Rotation>
<Translation>0.30000000000001847 8.8500000000002537 -3.0000000000000426</Translation>
</Transform>
</Instance>
<Instance name="beltmask2:1" uid="beltmask2:1" entityUid="beltmask2_{8172D6CE-4AF5-C40C-0647-22B1095A9ABF}">
<Transform>
<Rotation>-1.000000000000002 -2.2759572004815705e-15 0 2.7755575615628917e-15 -1.0000000000000047 -2.1316503393459851e-16 -1.4123702279489992e-16 -1.8413869632979506e-16 1.0000000000000007</Rotation>
<Translation>0.38648648648953099 8.0513514227913383 -3.0000000000000426</Translation>
</Transform>
</Instance>
<Instance name="motorhold2:1" uid="motorhold2:1" entityUid="motorhold2_{93725FF5-436F-E8E6-1389-96A9213F7A77}">
<Transform>
<Rotation>1.0000000000000042 1.3517809358155464e-16 -1.8873791418627653e-15 -1.8873791418627657e-15 0 -1.000000000000008 -1.0609878259809901e-15 1.0000000000000031 0</Rotation>
<Translation>-1.8000000000000185 -3.0400000000000382 3.6783148315500256</Translation>
</Transform>
</Instance>
<Instance name="br:1" uid="br:1" entityUid="br_{27F5984A-4AA0-211C-711F-82A189A7FD32}">
<Transform>
<Rotation>-1.7462892246887419e-15 -1.0000000000000007 -9.5724268822187543e-16 -0.85506750238800133 2.55351295663786e-15 -0.51851669824601077 0.51851669824601221 -2.5836042988932325e-16 -0.855067502388004</Rotation>
<Translation>-0.10000000000000853 -2.4000000000000625 1.0237681968495806</Translation>
</Transform>
</Instance>
<Instance name="br:2" uid="br:2" entityUid="br_{27F5984A-4AA0-211C-711F-82A189A7FD32}">
<Transform>
<Rotation>-5.06177986672467e-16 -1.0000000000000013 1.9283232802663742e-15 -0.29584865531847593 2.4424906541753448e-15 0.95523482617953748 -0.95523482617953892 0 -0.29584865531847609</Rotation>
<Translation>-0.10000000000000142 2.4000000000000625 1.0237681968495878</Translation>
</Transform>
</Instance>
<Instance name="br:3" uid="br:3" entityUid="br_{27F5984A-4AA0-211C-711F-82A189A7FD32}">
<Transform>
<Rotation>-1.6405045300516851e-15 -1.0000000000000004 -8.930943836319076e-16 -0.855067502388001 2.4980018054066022e-15 -0.51851669824601088 0.51851669824601221 -2.0656566951193779e-16 -0.85506750238800311</Rotation>
<Translation>-0.10000000000000853 -2.1000000000000547 -5.6000000000001364</Translation>
</Transform>
</Instance>
<Instance name="br:4" uid="br:4" entityUid="br_{27F5984A-4AA0-211C-711F-82A189A7FD32}">
<Transform>
<Rotation>-1.7783719708209527e-15 -1.0000000000000004 -6.8932060518837191e-16 -0.91495544951153174 2.3314683517128287e-15 -0.40355486047023426 0.40355486047023503 0 -0.91495544951153318</Rotation>
<Translation>-0.099999999999994316 2.1000000000000547 -5.6000000000001364</Translation>
</Transform>
</Instance>
<Instance name="BeagleBoneBlue_Coloured_Step:1" uid="BeagleBoneBlue_Coloured_Step:1" entityUid="BeagleBoneBlue_Coloured_Step_{3D0519A1-46C5-2BF2-455A-3FA037BB3B43}" rigid="true">
<Transform>
<Rotation>0 -1.8774013193524125e-15 -1.0000000000000207 -0.0047645414389318082 -0.99998864950804267 2.0520936041497487e-15 -0.99998864950804323 0.0047645414389312999 -1.8544773518177321e-15</Rotation>
<Translation>-3.6000000000000085 -2.6875215780914878 2.487402140941775</Translation>
</Transform>
<Instance name="PCB Component:1" grounded="true" uid="PCB Component:1" entityUid="PCB Component_{893BEE59-43C2-2DDB-6953-239BE78CF43C}" rigid="true">
<Transform>
<Rotation>1 0 0 0 1 0 0 0 1</Rotation>
<Translation>7.1054273576010019e-15 3.5527136788005009e-15 0</Translation>
</Transform>
<Instance name="Board:1" grounded="true" uid="Board:1" entityUid="Board_{25AAD3FA-4533-6A20-1B6F-FBADD8AE6D37}">
<Transform>
<Rotation>1 0 0 0 1 0 0 0 1</Rotation>
<Translation>7.1054273576010019e-15 3.5527136788005009e-15 0</Translation>
</Transform>
</Instance>
<Instance name="SO08-EXPOSED:1" uid="SO08-EXPOSED:1" entityUid="SO08-EXPOSED_{23CF7290-4D33-B375-4011-12965C8CAC94}">
<Transform>
<Rotation>1 0 0 0 1 0 0 0 1</Rotation>
<Translation>5.5651000000000082 -0.53089999999999904 0.15700000000000358</Translation>
</Transform>
</Instance>
<Instance name="JST_SH_6:1" uid="JST_SH_6:1" entityUid="JST_SH_6_{99C133B7-40FD-B58D-7CD5-F38DE646B4EE}">
<Transform>
<Rotation>1 0 0 0 1 0 0 0 1</Rotation>
<Translation>5.9690000000000012 -4.1401999999999965 0.15700000000001069</Translation>
</Transform>
</Instance>
<Instance name="JST_SH_6:2" uid="JST_SH_6:2" entityUid="JST_SH_6_{99C133B7-40FD-B58D-7CD5-F38DE646B4EE}">
<Transform>
<Rotation>1 0 0 0 1 0 0 0 1</Rotation>
<Translation>4.3179999999999907 -5.0038000000000018 0.15700000000000358</Translation>
</Transform>
</Instance>
<Instance name="JST_SH_6:3" uid="JST_SH_6:3" entityUid="JST_SH_6_{99C133B7-40FD-B58D-7CD5-F38DE646B4EE}">
<Transform>
<Rotation>1 0 0 0 1 0 0 0 1</Rotation>
<Translation>5.3339999999999961 -5.0037999999999982 0.15700000000001069</Translation>
</Transform>
</Instance>
<Instance name="JST_SH_6:4" uid="JST_SH_6:4" entityUid="JST_SH_6_{99C133B7-40FD-B58D-7CD5-F38DE646B4EE}">
<Transform>
<Rotation>1 0 0 0 1 0 0 0 1</Rotation>
<Translation>5.3339999999999961 -4.5719999999999992 0.15700000000000358</Translation>
</Transform>
</Instance>
<Instance name="JST_SH_6:5" uid="JST_SH_6:5" entityUid="JST_SH_6_{99C133B7-40FD-B58D-7CD5-F38DE646B4EE}">
<Transform>
<Rotation>1 0 0 0 1 0 0 0 1</Rotation>
<Translation>4.3180000000000049 -4.5719999999999992 0.15700000000000358</Translation>
</Transform>
</Instance>
<Instance name="JST_SH_6:6" uid="JST_SH_6:6" entityUid="JST_SH_6_{99C133B7-40FD-B58D-7CD5-F38DE646B4EE}">
<Transform>
<Rotation>1 0 0 0 1 0 0 0 1</Rotation>
<Translation>3.3019999999999996 -5.0037999999999982 0.15700000000000358</Translation>
</Transform>
</Instance>
<Instance name="0402-CAP$1:1" uid="0402-CAP$1:1" entityUid="0402-CAP$1_{2D3366F8-45E4-E23A-2A4E-A19E6BEFCDD3}">
<Transform>
<Rotation>1 3.6862873864507994e-16 3.6738190614671318e-16 3.6862873864506697e-16 -1 0 3.6738190614671278e-16 0 -1</Rotation>
<Translation>2.9083000000000041 -1.3029999999999973 7.1054273576010019e-15</Translation>
</Transform>
</Instance>
<Instance name="0402-CAP$1:2" uid="0402-CAP$1:2" entityUid="0402-CAP$1_{2D3366F8-45E4-E23A-2A4E-A19E6BEFCDD3}">
<Transform>
<Rotation>-1 -3.6689401516908627e-16 0 3.6689401516910003e-16 -1 0 0 0 1</Rotation>
<Translation>2.4892000000000039 -0.25399999999999778 0.15700000000000358</Translation>
</Transform>
</Instance>
<Instance name="0402-CAP$1:3" uid="0402-CAP$1:3" entityUid="0402-CAP$1_{2D3366F8-45E4-E23A-2A4E-A19E6BEFCDD3}">
<Transform>
<Rotation>-4.2760933682827452e-16 1 0 -1 -4.2760933682828827e-16 0 0 0 1</Rotation>
<Translation>3.1317999999999913 -3.073400000000003 0.15700000000000358</Translation>
</Transform>
</Instance>
<Instance name="0402-CAP$1:4" uid="0402-CAP$1:4" entityUid="0402-CAP$1_{2D3366F8-45E4-E23A-2A4E-A19E6BEFCDD3}">
<Transform>
<Rotation>1 0 0 0 1 0 0 0 1</Rotation>
<Translation>2.2606000000000037 -0.25399999999999778 0.15700000000000358</Translation>
</Transform>
</Instance>
<Instance name="0402-CAP$1:5" uid="0402-CAP$1:5" entityUid="0402-CAP$1_{2D3366F8-45E4-E23A-2A4E-A19E6BEFCDD3}">
<Transform>
<Rotation>4.2934406030426819e-16 -1 3.6738190614671318e-16 -1 -4.2934406030425522e-16 0 0 -3.6738190614671278e-16 -1</Rotation>
<Translation>3.9751000000000047 -1.0438999999999972 0</Translation>
</Transform>
</Instance>
<Instance name="0402-CAP$1:6" uid="0402-CAP$1:6" entityUid="0402-CAP$1_{2D3366F8-45E4-E23A-2A4E-A19E6BEFCDD3}">
<Transform>
<Rotation>-1 -2.4546337185072663e-16 3.6738190614671318e-16 -2.4546337185071367e-16 1 0 -3.6738190614671278e-16 0 -1</Rotation>
<Translation>2.8956000000000088 -0.72389999999999688 7.1054273576010019e-15</Translation>
</Transform>
</Instance>
<Instance name="0402-CAP$1:7" uid="0402-CAP$1:7" entityUid="0402-CAP$1_{2D3366F8-45E4-E23A-2A4E-A19E6BEFCDD3}">
<Transform>
<Rotation>1 3.6862873864507994e-16 3.6738190614671318e-16 3.6862873864506697e-16 -1 0 3.6738190614671278e-16 0 -1</Rotation>
<Translation>3.1471000000000018 -1.3029999999999973 7.1054273576010019e-15</Translation>
</Transform>
</Instance>
<Instance name="0402-CAP$1:8" uid="0402-CAP$1:8" entityUid="0402-CAP$1_{2D3366F8-45E4-E23A-2A4E-A19E6BEFCDD3}">
<Transform>
<Rotation>4.2934406030426819e-16 -1 3.6738190614671318e-16 -1 -4.2934406030425522e-16 0 0 -3.6738190614671278e-16 -1</Rotation>
<Translation>3.2257999999999996 -1.0159999999999982 7.1054273576010019e-15</Translation>
</Transform>
</Instance>
<Instance name="0402-CAP$1:9" uid="0402-CAP$1:9" entityUid="0402-CAP$1_{2D3366F8-45E4-E23A-2A4E-A19E6BEFCDD3}">
<Transform>
<Rotation>-3.0704605524790329e-16 1 3.6738190614671318e-16 1 3.0704605524789032e-16 0 0 3.6738190614671278e-16 -1</Rotation>
<Translation>7.6961999999999975 -3.4162999999999961 0</Translation>
</Transform>
</Instance>
<Instance name="0402-CAP$1:10" uid="0402-CAP$1:10" entityUid="0402-CAP$1_{2D3366F8-45E4-E23A-2A4E-A19E6BEFCDD3}">
<Transform>
<Rotation>-3.0704605524790329e-16 1 3.6738190614671318e-16 1 3.0704605524789032e-16 0 0 3.6738190614671278e-16 -1</Rotation>
<Translation>5.4813000000000116 -0.30479999999999663 0</Translation>
</Transform>
</Instance>
<Instance name="0402-CAP$1:11" uid="0402-CAP$1:11" entityUid="0402-CAP$1_{2D3366F8-45E4-E23A-2A4E-A19E6BEFCDD3}">
<Transform>
<Rotation>4.2934406030426819e-16 -1 3.6738190614671318e-16 -1 -4.2934406030425522e-16 0 0 -3.6738190614671278e-16 -1</Rotation>
<Translation>5.3772000000000091 -0.86869999999999692 0</Translation>
</Transform>
</Instance>
<Instance name="0402-CAP$1:12" uid="0402-CAP$1:12" entityUid="0402-CAP$1_{2D3366F8-45E4-E23A-2A4E-A19E6BEFCDD3}">
<Transform>
<Rotation>-1 -2.4546337185072663e-16 3.6738190614671318e-16 -2.4546337185071367e-16 1 0 -3.6738190614671278e-16 0 -1</Rotation>
<Translation>5.4838999999999984 -0.69849999999999923 0</Translation>
</Transform>
</Instance>
<Instance name="0402-CAP$1:13" uid="0402-CAP$1:13" entityUid="0402-CAP$1_{2D3366F8-45E4-E23A-2A4E-A19E6BEFCDD3}">
<Transform>
<Rotation>4.2934406030426819e-16 -1 3.6738190614671318e-16 -1 -4.2934406030425522e-16 0 0 -3.6738190614671278e-16 -1</Rotation>
<Translation>3.2868000000000066 -4.7116999999999969 7.1054273576010019e-15</Translation>
</Transform>
</Instance>
<Instance name="0402-CAP$1:14" uid="0402-CAP$1:14" entityUid="0402-CAP$1_{2D3366F8-45E4-E23A-2A4E-A19E6BEFCDD3}">
<Transform>
<Rotation>1 3.6862873864507994e-16 3.6738190614671318e-16 3.6862873864506697e-16 -1 0 3.6738190614671278e-16 0 -1</Rotation>
<Translation>2.0446999999999989 -3.6880999999999986 0</Translation>
</Transform>
</Instance>
<Instance name="0402-CAP$1:15" uid="0402-CAP$1:15" entityUid="0402-CAP$1_{2D3366F8-45E4-E23A-2A4E-A19E6BEFCDD3}">
<Transform>
<Rotation>3.0531133177190962e-16 -1 0 1 3.0531133177192337e-16 0 0 0 1</Rotation>
<Translation>3.7719000000000094 -2.6161999999999992 0.15700000000000358</Translation>
</Transform>
</Instance>
<Instance name="0402-CAP$1:16" uid="0402-CAP$1:16" entityUid="0402-CAP$1_{2D3366F8-45E4-E23A-2A4E-A19E6BEFCDD3}">
<Transform>
<Rotation>-4.2760933682827452e-16 1 0 -1 -4.2760933682828827e-16 0 0 0 1</Rotation>
<Translation>3.7718999999999951 -2.3875999999999991 0.15700000000000358</Translation>
</Transform>
</Instance>
<Instance name="0402-CAP$1:17" uid="0402-CAP$1:17" entityUid="0402-CAP$1_{2D3366F8-45E4-E23A-2A4E-A19E6BEFCDD3}">
<Transform>
<Rotation>-4.2760933682827452e-16 1 0 -1 -4.2760933682828827e-16 0 0 0 1</Rotation>
<Translation>3.7718999999999951 -2.8955999999999982 0.15700000000000358</Translation>
</Transform>
</Instance>
<Instance name="0402-CAP$1:18" uid="0402-CAP$1:18" entityUid="0402-CAP$1_{2D3366F8-45E4-E23A-2A4E-A19E6BEFCDD3}">
<Transform>
<Rotation>-4.2760933682827452e-16 1 0 -1 -4.2760933682828827e-16 0 0 0 1</Rotation>
<Translation>3.7719000000000094 -3.1242000000000019 0.15700000000001069</Translation>
</Transform>
</Instance>
<Instance name="0402-CAP$1:19" uid="0402-CAP$1:19" entityUid="0402-CAP$1_{2D3366F8-45E4-E23A-2A4E-A19E6BEFCDD3}">
<Transform>
<Rotation>1 3.6862873864507994e-16 3.6738190614671318e-16 3.6862873864506697e-16 -1 0 3.6738190614671278e-16 0 -1</Rotation>
<Translation>2.2301000000000002 -4.0004999999999988 0</Translation>
</Transform>
</Instance>
<Instance name="0402-CAP$1:20" uid="0402-CAP$1:20" entityUid="0402-CAP$1_{2D3366F8-45E4-E23A-2A4E-A19E6BEFCDD3}">
<Transform>
<Rotation>-1 -3.6689401516908627e-16 0 3.6689401516910003e-16 -1 0 0 0 1</Rotation>
<Translation>2.3545999999999978 -2.8752999999999993 0.15700000000000358</Translation>
</Transform>
</Instance>
<Instance name="0402-CAP$1:21" uid="0402-CAP$1:21" entityUid="0402-CAP$1_{2D3366F8-45E4-E23A-2A4E-A19E6BEFCDD3}">
<Transform>
<Rotation>3.0531133177190962e-16 -1 0 1 3.0531133177192337e-16 0 0 0 1</Rotation>
<Translation>1.866899999999994 -0.96519999999999939 0.15700000000000358</Translation>
</Transform>
</Instance>
<Instance name="0402-CAP$1:22" uid="0402-CAP$1:22" entityUid="0402-CAP$1_{2D3366F8-45E4-E23A-2A4E-A19E6BEFCDD3}">
<Transform>
<Rotation>-1 -3.6689401516908627e-16 0 3.6689401516910003e-16 -1 0 0 0 1</Rotation>
<Translation>3.698200000000007 -2.0573999999999977 0.15700000000000358</Translation>
</Transform>
</Instance>
<Instance name="0402-CAP$1:23" uid="0402-CAP$1:23" entityUid="0402-CAP$1_{2D3366F8-45E4-E23A-2A4E-A19E6BEFCDD3}">
<Transform>
<Rotation>3.0531133177190962e-16 -1 0 1 3.0531133177192337e-16 0 0 0 1</Rotation>
<Translation>6.8085000000000022 -3.4454999999999991 0.15700000000001069</Translation>
</Transform>
</Instance>
<Instance name="0402-CAP$1:24" uid="0402-CAP$1:24" entityUid="0402-CAP$1_{2D3366F8-45E4-E23A-2A4E-A19E6BEFCDD3}">
<Transform>
<Rotation>-4.2760933682827452e-16 1 0 -1 -4.2760933682828827e-16 0 0 0 1</Rotation>
<Translation>2.7432000000000087 -1.4097000000000008 0.15700000000001069</Translation>
</Transform>
</Instance>
<Instance name="0402-CAP$1:25" uid="0402-CAP$1:25" entityUid="0402-CAP$1_{2D3366F8-45E4-E23A-2A4E-A19E6BEFCDD3}">
<Transform>
<Rotation>-3.0704605524790329e-16 1 3.6738190614671318e-16 1 3.0704605524789032e-16 0 0 3.6738190614671278e-16 -1</Rotation>
<Translation>4.8235000000000028 -4.5617999999999981 0</Translation>
</Transform>
</Instance>
<Instance name="0402-CAP$1:26" uid="0402-CAP$1:26" entityUid="0402-CAP$1_{2D3366F8-45E4-E23A-2A4E-A19E6BEFCDD3}">
<Transform>
<Rotation>4.2934406030426819e-16 -1 3.6738190614671318e-16 -1 -4.2934406030425522e-16 0 0 -3.6738190614671278e-16 -1</Rotation>
<Translation>6.0197999999999965 -3.5559999999999974 0</Translation>
</Transform>
</Instance>
<Instance name="0402-CAP$1:27" uid="0402-CAP$1:27" entityUid="0402-CAP$1_{2D3366F8-45E4-E23A-2A4E-A19E6BEFCDD3}">
<Transform>
<Rotation>1 3.6862873864507994e-16 3.6738190614671318e-16 3.6862873864506697e-16 -1 0 3.6738190614671278e-16 0 -1</Rotation>
<Translation>5.6515000000000057 -3.594100000000001 0</Translation>
</Transform>
</Instance>
<Instance name="0402-CAP$1:28" uid="0402-CAP$1:28" entityUid="0402-CAP$1_{2D3366F8-45E4-E23A-2A4E-A19E6BEFCDD3}">
<Transform>
<Rotation>1 3.6862873864507994e-16 3.6738190614671318e-16 3.6862873864506697e-16 -1 0 3.6738190614671278e-16 0 -1</Rotation>
<Translation>5.6514999999999915 -3.4797999999999973 0</Translation>
</Transform>
</Instance>
<Instance name="0402-CAP$1:29" uid="0402-CAP$1:29" entityUid="0402-CAP$1_{2D3366F8-45E4-E23A-2A4E-A19E6BEFCDD3}">
<Transform>
<Rotation>1 3.6862873864507994e-16 3.6738190614671318e-16 3.6862873864506697e-16 -1 0 3.6738190614671278e-16 0 -1</Rotation>
<Translation>5.6515000000000057 -3.3654999999999973 0</Translation>
</Transform>
</Instance>
<Instance name="0402-CAP$1:30" uid="0402-CAP$1:30" entityUid="0402-CAP$1_{2D3366F8-45E4-E23A-2A4E-A19E6BEFCDD3}">
<Transform>
<Rotation>4.2934406030426819e-16 -1 3.6738190614671318e-16 -1 -4.2934406030425522e-16 0 0 -3.6738190614671278e-16 -1</Rotation>
<Translation>1.6280999999999963 -4.3890999999999991 0</Translation>
</Transform>
</Instance>
<Instance name="0402-CAP$1:31" uid="0402-CAP$1:31" entityUid="0402-CAP$1_{2D3366F8-45E4-E23A-2A4E-A19E6BEFCDD3}">
<Transform>
<Rotation>-4.2760933682827452e-16 1 0 -1 -4.2760933682828827e-16 0 0 0 1</Rotation>
<Translation>3.1724999999999923 -2.766099999999998 0.15700000000000358</Translation>
</Transform>
</Instance>
<Instance name="0402-CAP$1:32" uid="0402-CAP$1:32" entityUid="0402-CAP$1_{2D3366F8-45E4-E23A-2A4E-A19E6BEFCDD3}">
<Transform>
<Rotation>3.0531133177190962e-16 -1 0 1 3.0531133177192337e-16 0 0 0 1</Rotation>
<Translation>2.639099999999992 -2.8498999999999981 0.15700000000000358</Translation>
</Transform>
</Instance>
<Instance name="0402-CAP$1:33" uid="0402-CAP$1:33" entityUid="0402-CAP$1_{2D3366F8-45E4-E23A-2A4E-A19E6BEFCDD3}">
<Transform>
<Rotation>1 0 0 0 1 0 0 0 1</Rotation>
<Translation>2.9209999999999994 -2.4789999999999957 0.15700000000000358</Translation>
</Transform>
</Instance>
<Instance name="0402-CAP$1:34" uid="0402-CAP$1:34" entityUid="0402-CAP$1_{2D3366F8-45E4-E23A-2A4E-A19E6BEFCDD3}">
<Transform>
<Rotation>1 0 0 0 1 0 0 0 1</Rotation>
<Translation>0.81530000000000058 -1.1937999999999995 0.15700000000000358</Translation>
</Transform>
</Instance>
<Instance name="0402-CAP$1:35" uid="0402-CAP$1:35" entityUid="0402-CAP$1_{2D3366F8-45E4-E23A-2A4E-A19E6BEFCDD3}">
<Transform>
<Rotation>-3.0704605524790329e-16 1 3.6738190614671318e-16 1 3.0704605524789032e-16 0 0 3.6738190614671278e-16 -1</Rotation>
<Translation>0.55880000000000507 -4.5592999999999968 7.1054273576010019e-15</Translation>
</Transform>
</Instance>
<Instance name="0402-CAP$1:36" uid="0402-CAP$1:36" entityUid="0402-CAP$1_{2D3366F8-45E4-E23A-2A4E-A19E6BEFCDD3}">
<Transform>
<Rotation>1 0 0 0 1 0 0 0 1</Rotation>
<Translation>2.2453999999999965 -2.9793999999999983 0.15700000000000358</Translation>
</Transform>
</Instance>
<Instance name="0402-CAP$1:37" uid="0402-CAP$1:37" entityUid="0402-CAP$1_{2D3366F8-45E4-E23A-2A4E-A19E6BEFCDD3}">
<Transform>
<Rotation>-1 -2.4546337185072663e-16 3.6738190614671318e-16 -2.4546337185071367e-16 1 0 -3.6738190614671278e-16 0 -1</Rotation>
<Translation>4.0360999999999976 -1.5747999999999962 0</Translation>
</Transform>
</Instance>
<Instance name="0402-CAP$1:38" uid="0402-CAP$1:38" entityUid="0402-CAP$1_{2D3366F8-45E4-E23A-2A4E-A19E6BEFCDD3}">
<Transform>
<Rotation>1 0 0 0 1 0 0 0 1</Rotation>
<Translation>2.2376999999999967 -2.1208999999999989 0.15700000000001069</Translation>
</Transform>
</Instance>
<Instance name="0402-CAP$1:39" uid="0402-CAP$1:39" entityUid="0402-CAP$1_{2D3366F8-45E4-E23A-2A4E-A19E6BEFCDD3}">
<Transform>
<Rotation>1 3.6862873864507994e-16 3.6738190614671318e-16 3.6862873864506697e-16 -1 0 3.6738190614671278e-16 0 -1</Rotation>
<Translation>2.3368000000000038 -2.4637999999999955 7.1054273576010019e-15</Translation>
</Transform>
</Instance>
<Instance name="0402-CAP$1:40" uid="0402-CAP$1:40" entityUid="0402-CAP$1_{2D3366F8-45E4-E23A-2A4E-A19E6BEFCDD3}">
<Transform>
<Rotation>-1 -2.4546337185072663e-16 3.6738190614671318e-16 -2.4546337185071367e-16 1 0 -3.6738190614671278e-16 0 -1</Rotation>
<Translation>1.983700000000006 -1.5264999999999986 0</Translation>
</Transform>
</Instance>
<Instance name="0402-CAP$1:41" uid="0402-CAP$1:41" entityUid="0402-CAP$1_{2D3366F8-45E4-E23A-2A4E-A19E6BEFCDD3}">
<Transform>
<Rotation>-1 -3.6689401516908627e-16 0 3.6689401516910003e-16 -1 0 0 0 1</Rotation>
